JobFinished 1585661848951 1585661641315 job-0 5 1.000001 1.0003806 1217327 207625 207546 79 0 1 5
JobFinished 1585662057166 1585661850781 job-1 5 1.000001 1.0000291 1210635 206385 206379 6 0 1 5
JobFinished 1585662204038 1585662058993 job-2 5 1.000001 1.0000483 842481 145045 145038 7 0 1 5
JobFinished 1585662735249 1585662205813 job-3 5 1.000001 1.0000075 3148971 529436 529432 4 0 1 5
JobFinished 1585664484907 1585663854859 job-4 5 1.000001 1.0001239 3752285 630038 629960 78 0 1 5
JobFinished 1585664619930 1585664486565 job-5 5 1.000001 1.0003675 771900 133364 133315 49 0 1 5
JobFinished 1585664737978 1585664621705 job-6 5 1.000001 1.0000345 669784 116273 116269 4 0 1 5
JobFinished 1585664858878 1585664739802 job-7 5 1.000001 1.0000504 685069 119075 119069 6 0 1 5
JobFinished 1585664903053 1585664860468 job-8 5 1.000001 1.0001644 227516 42585 42578 7 0 1 5
JobFinished 1585665204623 1585664904844 job-9 5 1.000001 1.00002 1770627 299779 299773 6 0 1 5
JobFinished 1585666087953 1585665740168 job-10 5 1.000001 1.0002502 2058307 347774 347687 87 0 1 5
JobFinished 1585666209395 1585666089677 job-11 5 1.000001 1.0004011 688629 119717 119669 48 0 1 5
JobFinished 1585666337479 1585666211001 job-12 5 1.000001 1.0000316 729666 126477 126473 4 0 1 5
JobFinished 1585667372787 1585666339229 job-13 5 1.000001 1.0000077 6173295 1033556 1033548 8 0 1 5
JobFinished 1585668087192 1585667374401 job-14 5 1.000001 1.0000688 4248537 712790 712741 49 0 1 5
JobFinished 1585668203042 1585668088773 job-15 5 1.000001 1.0004377 657535 114269 114219 50 0 1 5
JobFinished 1585669548019 1585669272976 job-16 5 1.000001 1.0003055 1626626 275032 274948 84 0 1 5
JobFinished 1585669843983 1585669549622 job-17 5 1.000001 1.0000237 1738291 294361 294354 7 0 1 5
JobFinished 1585669960385 1585669845761 job-18 5 1.000001 1.0000523 660145 114623 114617 6 0 1 5
JobFinished 1585670084148 1585669962169 job-19 5 1.000001 1.0000902 704376 121979 121968 11 0 1 5
JobFinished 1585670201270 1585670085933 job-20 5 1.000001 1.000052 664288 115337 115331 6 0 1 5
JobFinished 1585670254184 1585670202886 job-21 5 1.000001 1.000117 279857 51299 51293 6 0 1 5
JobFinished 1585670303898 1585670255957 job-22 5 1.000001 1.0000834 260095 47940 47936 4 0 1 5
JobFinished 1585670784405 1585670305697 job-23 5 1.000001 1.0000105 2844688 478708 478703 5 0 1 5
JobFinished 1585671222936 1585670786197 job-24 5 1.000001 1.0001122 2591849 436738 436689 49 0 1 5
JobFinished 1585671560507 1585671224537 job-25 5 1.000001 1.0001489 1987589 335969 335919 50 0 1 5
JobFinished 1585671900897 1585671562326 job-26 5 1.000001 1.0001389 2002908 338570 338523 47 0 1 5
JobFinished 1585672188229 1585671902746 job-27 5 1.000001 1.0001751 1684288 285483 285433 50 0 1 5
JobFinished 1585672293962 1585672190053 job-28 5 1.000001 1.0000385 596697 103908 103904 4 0 1 5
JobFinished 1585672406569 1585672295793 job-29 5 1.000001 1.0001715 637943 110776 110757 19 0 1 5
JobFinished 1585683631281 1585683172333 job-30 5 1.000001 1.0001068 2726817 458947 458898 49 0 1 5
JobFinished 1585683928972 1585683633084 job-31 5 1.000001 1.0001792 1748371 295887 295834 53 0 1 5
JobFinished 1585684139674 1585683930592 job-32 5 1.000001 1.0000335 1226437 209081 209074 7 0 1 5
JobFinished 1585731574491 1585731049037 job-33 5 1.000001 1.0001371 3123947 525443 525371 72 0 1 5
JobFinished 1585731788748 1585731576045 job-34 5 1.000001 1.0002351 1247827 212703 212653 50 0 1 5
JobFinished 1585732105306 1585731790510 job-35 5 1.000001 1.0000286 1860845 314796 314787 9 0 1 5
JobFinished 1585735251971 1585735128064 job-36 5 1.000001 1.000436 714365 123908 123854 54 0 1 5
JobFinished 1585735550492 1585735253770 job-37 5 1.000001 1.000027 1752177 296722 296714 8 0 1 5
JobFinished 1585735691389 1585735552246 job-38 5 1.000001 1.0000359 806950 139143 139138 5 0 1 5
JobFinished 1585735832866 1585735693169 job-39 5 1.000001 1.0000429 810426 139696 139690 6 0 1 5
JobFinished 1585736123954 1585735834505 job-40 5 1.000001 1.0000173 1708275 289448 289443 5 0 1 5
JobFinished 1585736192581 1585736125725 job-41 5 1.000001 1.0000898 373256 66857 66851 6 0 1 5
JobFinished 1585736256515 1585736194378 job-42 5 1.000001 1.0000966 344689 62136 62130 6 0 1 5
JobFinished 1585738043724 1585737825496 job-43 5 1.000001 1.0003438 1280793 218217 218142 75 0 1 5
JobFinished 1585738077579 1585738045401 job-44 5 1.000001 1.0001554 163673 32177 32172 5 0 1 5
JobFinished 1585738211901 1585738079185 job-45 5 1.000001 1.0000377 768646 132715 132710 5 0 1 5
JobFinished 1585738334430 1585738213669 job-46 5 1.000001 1.000116 696649 120760 120746 14 0 1 5
JobFinished 1585738602321 1585738336210 job-47 5 1.000001 1.0000339 1568140 266101 266092 9 0 1 5
JobFinished 1585738722249 1585738604033 job-48 5 1.000001 1.0000339 682790 118216 118212 4 0 1 5
JobFinished 1585742058034 1585741929738 job-49 5 1.000001 1.000702 741276 128287 128197 90 0 1 5
JobFinished 1585742727578 1585742513085 job-50 5 1.000001 1.0002471 1258176 214493 214440 53 0 1 5
JobFinished 1585742852612 1585742729383 job-51 5 1.000001 1.0000569 711547 123229 123222 7 0 1 5
JobFinished 1585744666479 1585744074252 job-52 5 1.000001 1.0001369 3525374 592217 592136 81 0 1 5
JobFinished 1585744873374 1585744668086 job-53 5 1.000001 1.0002631 1203293 205287 205233 54 0 1 5
JobFinished 1585745096004 1585744875137 job-54 5 1.000001 1.0000226 1296925 220866 220861 5 0 1 5
JobFinished 1585745212536 1585745097829 job-55 5 1.000001 1.000061 660597 114707 114700 7 0 1 5
JobFinished 1585745805270 1585745680937 job-56 5 1.000001 1.0007647 717794 124322 124227 95 0 1 5
JobFinished 1585747070841 1585746772491 job-57 5 1.000001 1.0002782 1761667 298340 298257 83 0 1 5
JobFinished 1585747190458 1585747072394 job-58 5 1.000001 1.0000677 680648 118063 118055 8 0 1 5
JobFinished 1585747487822 1585747192257 job-59 5 1.000001 1.0000169 1745637 295564 295559 5 0 1 5
JobFinished 1585747697756 1585747489633 job-60 5 1.000001 1.0000961 1220624 208123 208103 20 0 1 5
JobFinished 1585747985209 1585747699385 job-61 5 1.000001 1.000014 1687177 285824 285820 4 0 1 5
JobFinished 1585748105642 1585747987009 job-62 5 1.000001 1.0000422 682982 118632 118627 5 0 1 5
JobFinished 1585748398830 1585748107441 job-63 5 1.000001 1.0000172 1720708 291389 291384 5 0 1 5
JobFinished 1585748592284 1585748400472 job-64 5 1.000001 1.0000261 1122619 191812 191807 5 0 1 5
JobFinished 1585748703715 1585748594069 job-65 5 1.000001 1.0000457 629854 109645 109640 5 0 1 5
JobFinished 1585748830091 1585748705513 job-66 5 1.000001 1.0000321 719779 124577 124573 4 0 1 5
JobFinished 1585749239091 1585748831949 job-67 5 1.000001 1.0000098 2414557 407142 407138 4 0 1 5
JobFinished 1585749441083 1585749240711 job-68 5 1.000001 1.0002645 1173907 200371 200318 53 0 1 5
JobFinished 1585749631862 1585749442832 job-69 5 1.000001 1.0000317 1105989 189030 189024 6 0 1 5
JobFinished 1585749764988 1585749633629 job-70 5 1.000001 1.0000533 760422 131359 131352 7 0 1 5
JobFinished 1585749884022 1585749766790 job-71 5 1.000001 1.0000427 675193 117231 117226 5 0 1 5
JobFinished 1585751051223 1585750771519 job-72 5 1.000001 1.0002325 1648352 279694 279629 65 0 1 5
JobFinished 1585751247261 1585751052902 job-73 5 1.000001 1.0000463 1138066 194360 194351 9 0 1 5
JobFinished 1585751860968 1585751558546 job-74 5 1.000001 1.0002447 1784603 302411 302337 74 0 1 5
JobFinished 1585752410976 1585752175349 job-75 5 1.000001 1.0002801 1385016 235617 235551 66 0 1 5
JobFinished 1585752528485 1585752412706 job-76 5 1.000001 1.0000519 666508 115778 115772 6 0 1 5
JobFinished 1585752869284 1585752530253 job-77 5 1.000001 1.0000176 2005921 339029 339023 6 0 1 5
JobFinished 1585753643185 1585752871095 job-78 5 1.000001 1.000066 4604197 772089 772038 51 0 1 5
JobFinished 1585753905641 1585753644853 job-79 5 1.000001 1.0002033 1536168 260787 260734 53 0 1 5
JobFinished 1585754555491 1585753907413 job-80 5 1.000001 1.0000077 3861779 648077 648072 5 0 1 5
JobFinished 1585755094280 1585754557290 job-81 5 1.000001 1.0000875 3194941 536990 536943 47 0 1 5
JobFinished 1585755212874 1585755096073 job-82 5 1.000001 1.0004112 672422 116800 116752 48 0 1 5
JobFinished 1585755745352 1585755214553 job-83 5 1.000001 1.0000094 3157924 530798 530793 5 0 1 5
JobFinished 1585755934681 1585755747178 job-84 5 1.000001 1.0002668 1098049 187502 187452 50 0 1 5
JobFinished 1585756060756 1585755936293 job-85 5 1.000001 1.0000322 720167 124463 124459 4 0 1 5
JobFinished 1585759520694 1585759184052 job-86 5 1.000001 1.000214 1991717 336631 336559 72 0 1 5
JobFinished 1585759639319 1585759522406 job-87 5 1.000001 1.000445 673066 116912 116860 52 0 1 5
JobFinished 1585759871771 1585759641001 job-88 5 1.000001 1.0000217 1356712 230769 230764 5 0 1 5
JobFinished 1585759991038 1585759873601 job-89 5 1.000001 1.0000937 676589 117437 117426 11 0 1 5
JobFinished 1585760308357 1585759992849 job-90 5 1.000001 1.0000159 1864874 315508 315503 5 0 1 5
JobFinished 1585760854107 1585760309924 job-91 5 1.000001 1.00009 3238204 544183 544134 49 0 1 5
JobFinished 1585760981933 1585760855873 job-92 5 1.000001 1.0003809 729611 126060 126012 48 0 1 5
JobFinished 1585761152077 1585760983541 job-93 5 1.000001 1.0000237 984705 168536 168532 4 0 1 5
JobFinished 1585761282003 1585761153853 job-94 5 1.000001 1.0000312 742250 128149 128145 4 0 1 5
JobFinished 1585761468185 1585761283841 job-95 5 1.000001 1.0000272 1079511 184344 184339 5 0 1 5
JobFinished 1585761693770 1585761469945 job-96 5 1.000001 1.0000312 1316094 223826 223819 7 0 1 5
JobFinished 1585761969533 1585761695372 job-97 5 1.000001 1.0000145 1618365 274161 274157 4 0 1 5
JobFinished 1585763423506 1585763039844 job-98 5 1.000001 1.0003155 2273151 383651 383530 121 0 1 5
JobFinished 1585763543255 1585763425206 job-99 5 1.000001 1.000517 680093 118048 117987 61 0 1 5
JobFinished 1585764344301 1585764130651 job-100 5 1.000001 1.0002434 1257911 213651 213599 52 0 1 5
JobFinished 1585764466888 1585764345958 job-101 5 1.000001 1.0000414 697080 120929 120924 5 0 1 5
JobFinished 1585764590710 1585764468686 job-102 5 1.000001 1.000041 704054 122023 122018 5 0 1 5
JobFinished 1585813669815 1585813628237 job-103 5 1.000001 1.0011559 221558 41577 41529 48 0 1 5
