JobFinished 1564214121521 1564213945071 job-73-0 5 0.340001 1.0003912 1031875 176442 176373 69 0 1 5
JobFinished 1564214231357 1564214174887 job-13-3 5 0.760001 1.0000708 313945 56470 56466 4 0 1 5
JobFinished 1564214246243 1564214185429 job-37-4 5 0.020001 1.0000658 339866 60814 60810 4 0 1 5
JobFinished 1564214272600 1564213984620 job-34-1 5 0.230001 1.000014 1702753 287979 287975 4 0 1 5
JobFinished 1564214433370 1564214018281 job-68-2 5 0.120001 1.000012 2465862 415090 415085 5 0 1 5
JobFinished 1564214589684 1564214528660 job-13-9 5 0.820001 1.0001147 340827 61024 61017 7 0 1 5
JobFinished 1564214655825 1564214588583 job-3-11 5 0.890001 1.001206 374680 67241 67160 81 0 1 5
JobFinished 1564214660786 1564214476539 job-78-7 5 0.520001 1.0000217 1080504 184246 184242 4 0 1 5
JobFinished 1564214698597 1564214630509 job-38-12 5 0.820001 1.0011764 378857 68088 68008 80 0 1 5
JobFinished 1564214703448 1564214287363 job-69-5 5 0.600001 1.0000097 2471482 416085 416081 4 0 1 5
JobFinished 1564214832516 1564214671888 job-40-13 5 0.41000099999999995 1.000517 936528 160628 160545 83 0 1 5
JobFinished 1564214884588 1564214752532 job-14-15 5 0.230001 1.0006744 760591 132055 131966 89 0 1 5
JobFinished 1564214886088 1564214539716 job-72-10 5 0.450001 1.000283 2049859 346372 346274 98 0 1 5
JobFinished 1564214907024 1564214831853 job-39-18 5 0.600001 1.0033637 422410 75170 74918 252 0 1 5
JobFinished 1564214938022 1564214837721 job-11-16 5 0.090001 2.88353 534698 154067 53430 49057 246047 3 10
JobFinished 1564215019077 1564214959129 job-0-20 5 0.330001 1.0013697 331685 59948 59866 82 0 1 5
JobFinished 1564215075652 1564214738955 job-86-14 5 0.170001 1.0000119 1993775 336697 336693 4 88196 1 6
JobFinished 1564215148714 1564215085845 job-36-24 5 0.730001 1.0016251 348640 62869 62767 102 0 1 5
JobFinished 1564215150106 1564214825136 job-24-17 5 0.340001 1.0002801 1924333 324971 324880 91 0 1 5
JobFinished 1564215182331 1564215129869 job-6-25 5 0.49000099999999996 1.0016993 286396 52461 52372 89 0 1 5
JobFinished 1564215264838 1564215155633 job-109-22 5 0.030001 2.8283072 480647 233341 82502 141915 13211 3 10
JobFinished 1564215285049 1564215072031 job-96-23 5 0.950001 1.0003992 1250609 213018 212933 85 0 1 5
JobFinished 1564215300638 1564214989247 job-33-21 5 0.100001 1.0002955 1835571 311392 311300 92 0 1 5
JobFinished 1564215352577 1564215091704 job-41-19 5 0.050001000000000004 2.4252076 2089789 494381 203851 122448 900253 4 16
JobFinished 1564215410958 1564215135685 job-17-8 5 0.060001 3.401134 4466225 891910 262239 121361 2924401 5 21
JobFinished 1564215619274 1564215188053 job-97-26 5 0.020001 1.2185694 2095393 431900 354432 76795 523 2 5
JobFinished 1564215646324 1564215271357 job-59-6 5 0.010001 3.3270988 3327519 1201981 361270 582192 1185604 14 39
JobFinished 1564216092324 1564215999032 job-109-29 5 0.07000100000000001 1.0000536 530420 93292 93287 5 0 1 5
JobFinished 1564216216108 1564215927003 job-21-27 5 0.030001 1.0001695 1709517 289104 289055 49 0 1 5
JobFinished 1564216273332 1564215994282 job-62-28 5 0.700001 1.0000179 1649217 279050 279045 5 0 1 5
JobFinished 1564216274189 1564216183050 job-110-30 5 0.600001 1.0000329 519704 91138 91135 3 0 1 5
JobFinished 1564216663525 1564216541332 job-106-33 5 0.330001 1.0000328 708453 122193 122189 4 0 1 5
JobFinished 1564216852266 1564216519864 job-89-32 5 0.580001 1.000012 1969326 332401 332397 4 0 1 5
JobFinished 1564216934458 1564216620542 job-31-34 5 0.390001 1.000016 1858759 313915 313910 5 0 1 5
JobFinished 1564216978383 1564216918277 job-37-42 5 0.41000099999999995 1.0013494 333228 60106 60025 81 0 1 5
JobFinished 1564216989589 1564216771566 job-91-36 5 0.280001 1.0000184 1282479 218023 218019 4 0 1 5
JobFinished 1564217023525 1564216702126 job-70-35 5 0.580001 1.0000093 1903699 321399 321396 3 0 1 5
JobFinished 1564217035086 1564216861585 job-92-39 5 0.31000099999999997 1.0004902 1013534 173500 173415 85 0 1 5
JobFinished 1564217132758 1564217059423 job-110-44 5 0.600001 1.0014476 412716 73335 73229 106 0 1 5
JobFinished 1564217158825 1564216941189 job-78-38 5 0.170001 1.6970205 1185864 306207 180438 91994 135492 3 10
JobFinished 1564217219386 1564217159020 job-0-48 5 0.160001 1.0000994 326047 60366 60360 6 0 1 5
JobFinished 1564217223242 1564217150472 job-37-47 5 0.460001 1.0012108 406918 72770 72682 88 0 1 5
JobFinished 1564217256957 1564217061304 job-41-45 5 0.780001 1.0004244 1145314 195653 195570 83 0 1 5
JobFinished 1564217328681 1564217142468 job-80-46 5 0.6600010000000001 1.0004352 1089314 186213 186132 81 0 1 5
JobFinished 1564217343052 1564216923921 job-67-40 5 0.180001 1.1487089 2684507 469351 408590 10802 265571 2 10
JobFinished 1564217347754 1564217267204 job-108-49 5 0.530001 1.0012306 455108 80550 80451 99 0 1 5
JobFinished 1564217388561 1564217335177 job-2-43 5 0.020001 8.921263 496794 405971 45506 275293 249845 10 28
JobFinished 1564217492532 1564217301784 job-93-50 5 0.14000100000000001 1.0004091 1115211 190749 190671 78 0 1 5
JobFinished 1564217522098 1564217464372 job-107-53 5 0.240001 1.0013878 317454 57726 57646 80 0 1 5
JobFinished 1564217633940 1564217443802 job-78-51 5 0.740001 1.000021 1112710 190138 190134 4 0 1 5
JobFinished 1564217656087 1564217166421 job-102-37 5 0.150001 1.9358296 3879024 845371 436697 164439 1291800 6 19
JobFinished 1564217679372 1564217627032 job-2-55 5 0.640001 1.001665 285165 52340 52253 87 0 1 5
JobFinished 1564217682518 1564217624678 job-38-54 5 0.760001 1.0016799 318169 57840 57743 97 0 1 5
JobFinished 1564217738931 1564217653213 job-110-56 5 0.100001 1.0010277 487629 85719 85631 88 0 1 5
JobFinished 1564217746105 1564217461085 job-29-52 5 0.820001 1.0003264 1680926 285021 284928 93 0 1 5
JobFinished 1564217801641 1564217740919 job-2-57 5 0.440001 1.0000659 337102 60722 60718 4 0 1 5
JobFinished 1564217834337 1564217632937 job-33-41 5 0.080001 4.7069793 3603403 943241 200392 287179 2445777 10 38
JobFinished 1564218037479 1564217658625 job-98-31 5 0.010001 4.2612886 5330465 1525976 358102 551809 3211232 18 42
JobFinished 1564218263137 1564217927290 job-22-58 5 0.510001 1.0000119 1988858 335847 335843 4 0 1 5
JobFinished 1564218468500 1564218291478 job-52-59 5 0.180001 1.0002769 1035463 177022 176973 49 0 1 5
JobFinished 1564218496223 1564218318332 job-44-60 5 0.090001 1.0000281 1042137 177891 177886 5 0 1 5
JobFinished 1564218834436 1564218770127 job-7-63 5 0.380001 1.0001245 361115 64308 64300 8 0 1 5
JobFinished 1564218920600 1564218866663 job-0-64 5 0.35000099999999995 1.0001669 298702 53937 53928 9 0 1 5
JobFinished 1564219022407 1564218704445 job-18-62 5 0.010001 1.0000126 1882717 317961 317957 4 0 1 5
JobFinished 1564219048307 1564218875015 job-43-65 5 0.120001 1.0000231 1014890 173292 173288 4 0 1 5
JobFinished 1564219107762 1564218695319 job-102-61 5 0.47000099999999995 1.0001309 2449369 412443 412389 54 0 1 5
JobFinished 1564219388302 1564219337197 job-1-66 5 0.760001 1.0009205 279852 51105 51058 47 0 1 5
JobFinished 1564219499262 1564219339768 job-8-67 5 0.090001 1.000025 931137 159493 159489 4 0 1 5
JobFinished 1564219549366 1564219386590 job-42-68 5 0.07000100000000001 1.0000308 951906 162776 162771 5 0 1 5
JobFinished 1564219662926 1564219603147 job-6-70 5 0.100001 1.0000502 333721 59779 59776 3 0 1 5
JobFinished 1564219825881 1564219403608 job-63-69 5 0.160001 1.0000072 2507487 422273 422270 3 0 1 5
JobFinished 1564219880396 1564219651738 job-33-71 5 0.36000099999999996 1.0000175 1347129 228658 228654 4 0 1 5
JobFinished 1564219933296 1564219756671 job-42-72 5 0.080001 1.0000226 1030425 176625 176621 4 0 1 5
JobFinished 1564219974999 1564219886520 job-5-74 5 0.760001 1.0000339 506031 88479 88476 3 0 1 5
JobFinished 1564219978260 1564219914907 job-36-75 5 0.220001 1.0000473 355405 63353 63350 3 0 1 5
JobFinished 1564220005989 1564219951723 job-11-76 5 0.440001 1.0000737 300585 54266 54262 4 0 1 5
JobFinished 1564220037362 1564219861883 job-42-73 5 0.100001 1.000017 1026610 175479 175476 3 0 1 5
JobFinished 1564220086498 1564220021487 job-7-77 5 1.0E-6 1.0000615 365236 65012 65008 4 0 1 5
JobFinished 1564220166726 1564220081407 job-109-78 5 0.5500010000000001 1.0000587 485768 85320 85315 5 0 1 5
JobFinished 1564220223311 1564220159684 job-38-81 5 0.320001 1.0000628 355506 63626 63622 4 0 1 5
JobFinished 1564220288278 1564220093092 job-94-79 5 0.6600010000000001 1.0000256 1145687 195185 195180 5 0 1 5
JobFinished 1564220291873 1564220136591 job-15-80 5 0.270001 1.0000322 907099 155282 155277 5 0 1 5
JobFinished 1564220489531 1564220316479 job-9-83 5 0.620001 1.0000231 1012048 173052 173048 4 0 1 5
JobFinished 1564220592373 1564220418123 job-45-85 5 0.42000099999999996 1.000023 1019385 174250 174246 4 0 1 5
JobFinished 1564220607773 1564220537859 job-2-88 5 0.870001 1.001246 392141 69914 69827 87 0 1 5
JobFinished 1564220663335 1564220362919 job-17-84 5 0.07000100000000001 1.00001 1777735 300416 300413 3 0 1 5
JobFinished 1564220688128 1564220508851 job-93-86 5 0.500001 1.0000167 1046036 179276 179273 3 0 1 5
JobFinished 1564220755402 1564220531103 job-48-87 5 0.400001 1.0000179 1320238 224299 224295 4 0 1 5
JobFinished 1564220873733 1564220695283 job-45-89 5 0.500001 1.000028 1045879 178451 178446 5 0 1 5
JobFinished 1564220914604 1564220543481 job-22-82 5 0.050001000000000004 2.0467186 3607023 659508 322227 48899 1698729 2 10
JobFinished 1564221081528 1564220795263 job-34-90 5 0.710001 1.000014 1692735 286265 286261 4 0 1 5
JobFinished 1564221302971 1564221245291 job-1-92 5 0.770001 1.0000867 321030 57681 57676 5 0 1 5
JobFinished 1564221310881 1564221254596 job-107-93 5 0.640001 1.000071 313026 56285 56281 4 0 1 5
JobFinished 1564221372554 1564221309643 job-6-94 5 0.170001 1.0000795 352169 62911 62906 5 0 1 5
JobFinished 1564221383956 1564221208055 job-43-91 5 0.990001 1.0002786 1030039 175901 175852 49 0 1 5
JobFinished 1564221556997 1564221376471 job-46-95 5 0.620001 1.0000166 1058238 180526 180523 3 0 1 5
JobFinished 1564221753613 1564221579068 job-47-97 5 0.590001 1.0000286 1022100 174546 174541 5 0 1 5
JobFinished 1564221828498 1564221452951 job-55-96 5 0.640001 1.0000453 2228471 375547 375530 17 0 1 5
JobFinished 1564222327701 1564222148447 job-75-99 5 0.440001 1.0000223 1050340 179254 179250 4 0 1 5
JobFinished 1564222377345 1564222204352 job-93-100 5 0.320001 1.0000347 1013295 172994 172988 6 0 1 5
JobFinished 1564222463307 1564222397497 job-36-106 5 0.640001 1.0014609 365382 65810 65714 96 0 1 5
JobFinished 1564222475871 1564222421396 job-107-107 5 0.570001 1.0016549 299295 54476 54386 90 0 1 5
JobFinished 1564222535472 1564222259068 job-35-101 5 0.130001 1.0000144 1633797 276405 276401 4 0 1 5
JobFinished 1564222538757 1564222359260 job-53-104 5 0.400001 1.0005016 1042480 179497 179407 90 0 1 5
JobFinished 1564222560066 1564222496036 job-6-110 5 0.48000099999999996 1.0014389 356372 64030 63938 92 0 1 5
JobFinished 1564222672912 1564222601756 job-13-112 5 0.600001 1.001196 398435 71156 71071 85 0 1 5
JobFinished 1564222778714 1564222464636 job-23-109 5 0.340001 1.000016 1854176 314078 314073 5 0 1 5
JobFinished 1564222810159 1564222388384 job-67-105 5 0.710001 1.0002158 2502722 421775 421684 91 0 1 5
JobFinished 1564222842143 1564222572237 job-88-111 5 0.35000099999999995 1.0003743 1591273 269905 269804 101 0 1 5
JobFinished 1564222901455 1564222764340 job-93-114 5 0.07000100000000001 1.0006641 794169 137115 137024 91 0 1 5
JobFinished 1564222926224 1564222501754 job-27-98 5 0.110001 2.0941422 4328566 818284 390749 75048 2017511 4 19
JobFinished 1564222960188 1564222785354 job-7-113 5 0.020001 2.2631378 417407 267134 118037 142487 6450 2 5
JobFinished 1564222999641 1564222770124 job-81-108 5 0.050001000000000004 2.4323757 1504442 537358 220919 135861 311955 5 11
JobFinished 1564223020803 1564222955932 job-11-115 5 0.440001 1.0000925 363432 64872 64866 6 0 1 5
JobFinished 1564223085481 1564222785432 job-71-102 5 0.020001 3.206872 1823198 780341 243334 423955 442667 9 25
JobFinished 1564223146910 1564222770214 job-55-103 5 0.050001000000000004 2.168909 3191181 798575 368192 194422 1064792 6 20
JobFinished 1564223187726 1564223115672 job-7-116 5 0.47000099999999995 1.0000416 407532 72053 72050 3 0 1 5
JobFinished 1564223191731 1564223133504 job-4-117 5 0.780001 1.0000687 322471 58227 58223 4 0 1 5
JobFinished 1564223300561 1564223164235 job-91-118 5 0.570001 1.0000293 791616 136326 136322 4 0 1 5
JobFinished 1564223370363 1564223302320 job-3-122 5 0.080001 1.0000588 380274 68042 68038 4 0 1 5
JobFinished 1564223386456 1564223224544 job-80-120 5 0.210001 1.0000247 943424 161912 161908 4 0 1 5
JobFinished 1564223440399 1564223287732 job-16-121 5 0.07000100000000001 1.0000197 891182 152666 152663 3 0 1 5
JobFinished 1564223525401 1564223207560 job-22-119 5 0.07000100000000001 1.0000094 1882331 317841 317838 3 0 1 5
JobFinished 1564223769663 1564223350531 job-55-123 5 0.620001 1.0000095 2489348 419132 419128 4 0 1 5
JobFinished 1564223941073 1564223493747 job-99-124 5 0.750001 1.000009 2659174 447327 447323 4 0 1 5
JobFinished 1564224153058 1564223992739 job-10-125 5 0.590001 1.0003058 936787 160319 160270 49 0 1 5
JobFinished 1564224356060 1564224275179 job-108-126 5 0.42000099999999996 1.0000619 460458 80881 80876 5 0 1 5
JobFinished 1564224720484 1564224656640 job-5-130 5 0.380001 1.0000627 358286 63844 63840 4 0 1 5
JobFinished 1564224794094 1564224639860 job-15-129 5 0.6800010000000001 1.000026 900650 154234 154230 4 0 1 5
JobFinished 1564224918482 1564224751032 job-50-133 5 0.240001 1.00049 974501 167450 167368 82 0 1 5
JobFinished 1564224956972 1564224624768 job-72-128 5 0.640001 1.000015 1966667 332203 332198 5 0 1 5
JobFinished 1564224998147 1564224937016 job-107-138 5 0.860001 1.0019176 339442 61131 61014 117 0 1 5
JobFinished 1564225073963 1564224931569 job-40-137 5 0.780001 1.0006324 826033 142394 142304 90 0 1 5
JobFinished 1564225147936 1564224680144 job-61-131 5 0.36000099999999996 1.0000086 2781446 467792 467788 4 0 1 5
JobFinished 1564225158155 1564225003868 job-94-141 5 0.41000099999999995 1.0005058 894820 154287 154209 78 0 1 5
JobFinished 1564225189343 1564224997063 job-94-140 5 0.49000099999999996 1.0005984 1125522 192279 192164 115 0 1 5
JobFinished 1564225222999 1564225049116 job-92-142 5 0.37000099999999997 1.0006273 1015150 173882 173773 109 0 1 5
JobFinished 1564225240802 1564225163717 job-11-139 5 0.210001 5.013079 280825 257953 51456 180273 27938 5 9
JobFinished 1564225272444 1564225163806 job-1-134 5 0.210001 5.7419157 442895 477113 83093 337928 113283 8 10
JobFinished 1564225331845 1564225155793 job-82-127 5 0.220001 4.169893 3033534 724252 173686 183010 2018599 6 21
JobFinished 1564225379925 1564225247034 job-11-143 5 0.07000100000000001 2.4954686 249817 268193 107472 143717 46282 4 5
JobFinished 1564225394274 1564225195017 job-47-136 5 0.080001 3.1374555 931982 481499 153468 285603 41872 8 7
JobFinished 1564225501258 1564225335744 job-14-146 5 0.090001 1.0004957 962085 165514 165432 82 0 1 5
JobFinished 1564225503287 1564225377392 job-51-147 5 0.690001 1.0006995 726349 125895 125807 88 0 1 5
JobFinished 1564225504266 1564225130169 job-88-144 5 0.770001 1.0002326 2216058 374097 374010 87 0 1 5
JobFinished 1564225605732 1564225470336 job-15-148 5 0.770001 1.0007169 784307 135396 135299 97 0 1 5
JobFinished 1564225699373 1564225399977 job-41-145 5 0.040001 2.2933307 1178622 454318 198104 240566 15943 5 9
JobFinished 1564225710728 1564225136030 job-86-132 5 0.29000099999999995 1.7267638 5527945 971802 562788 30988 2189371 3 15
JobFinished 1564225799679 1564225476065 job-88-135 5 0.07000100000000001 3.1428337 2720510 937875 298417 399093 956184 11 21
JobFinished 1564225874947 1564225776848 job-108-152 5 0.47000099999999995 1.0000408 563465 98099 98095 4 0 1 5
JobFinished 1564225934127 1564225806500 job-15-154 5 0.270001 1.0006821 737471 127627 127540 87 0 1 5
JobFinished 1564225954228 1564225886948 job-38-157 5 0.6800010000000001 1.0016675 375388 67280 67168 112 0 1 5
JobFinished 1564225957757 1564225797136 job-15-153 5 0.330001 1.0005045 936687 160622 160541 81 0 1 5
JobFinished 1564226056934 1564225617699 job-66-149 5 0.36000099999999996 1.0000113 2608238 439235 439230 5 0 1 5
JobFinished 1564226177704 1564226115176 job-11-158 5 0.030001 1.0001279 347064 62528 62520 8 0 1 5
JobFinished 1564226209169 1564225892794 job-43-156 5 0.190001 1.2245221 1608299 336784 275033 43912 59473 2 9
JobFinished 1564226259340 1564225892683 job-18-150 5 0.190001 1.5383 2518390 500269 325209 53661 607804 3 10
JobFinished 1564226273170 1564225939323 job-87-151 5 0.020001 1.6028553 2112336 505555 315409 134451 244782 4 11
JobFinished 1564226312829 1564225856776 job-99-155 5 0.230001 1.0001864 2707299 456053 455968 85 0 1 5
JobFinished 1564226335320 1564226282147 job-106-159 5 0.07000100000000001 1.0000752 292316 53173 53169 4 0 1 5
JobFinished 1564226583994 1564226420975 job-40-160 5 0.020001 1.0000246 953293 163019 163015 4 0 1 5
JobFinished 1564226834706 1564226781155 job-2-161 5 0.090001 1.0009159 296285 53551 53502 49 0 1 5
JobFinished 1564227077319 1564227022347 job-13-163 5 0.760001 1.0000546 304632 54972 54969 3 0 1 5
JobFinished 1564227097346 1564227033921 job-5-164 5 0.14000100000000001 1.0000947 355774 63426 63420 6 0 1 5
JobFinished 1564227200465 1564226886119 job-18-162 5 0.210001 1.0000128 1861076 314346 314342 4 0 1 5
JobFinished 1564227225745 1564227146154 job-110-166 5 0.460001 1.0000503 452590 79591 79587 4 0 1 5
JobFinished 1564227305588 1564227237472 job-7-167 5 0.43000099999999997 1.0000734 383754 68116 68111 5 0 1 5
JobFinished 1564227358719 1564227305011 job-1-170 5 0.020001 1.0000745 296931 53708 53704 4 0 1 5
JobFinished 1564227408849 1564227341843 job-106-171 5 0.580001 1.0000597 373223 67007 67003 4 0 1 5
JobFinished 1564227443933 1564227264140 job-92-168 5 0.220001 1.0000167 1054180 179793 179790 3 0 1 5
JobFinished 1564227499966 1564227430253 job-0-174 5 0.650001 1.0012783 389169 69713 69624 89 0 1 5
JobFinished 1564227543049 1564227120292 job-67-165 5 0.650001 1.0000118 2511379 422758 422753 5 0 1 5
JobFinished 1564227581011 1564227292928 job-33-169 5 0.390001 1.0000174 1703985 288083 288078 5 0 1 5
JobFinished 1564227696099 1564227528561 job-16-176 5 0.110001 1.0005494 976809 167538 167446 92 0 1 5
JobFinished 1564227701914 1564227366196 job-58-172 5 0.100001 1.000009 1989232 335718 335715 3 0 1 5
JobFinished 1564227721473 1564227534406 job-46-173 5 0.020001 1.9064791 1475170 340154 178420 71784 429868 4 20
JobFinished 1564227819206 1564227747972 job-37-179 5 0.180001 1.0000702 398558 71234 71229 5 0 1 5
JobFinished 1564227909979 1564227466300 job-97-175 5 0.43000099999999997 1.0001849 2633944 443679 443597 82 0 1 5
JobFinished 1564228041676 1564227639479 job-63-177 5 0.6600010000000001 1.0000099 2388381 402197 402193 4 0 1 5
JobFinished 1564228051046 1564227803927 job-91-180 5 0.260001 1.0000203 1457205 247119 247114 5 0 1 5
JobFinished 1564228053412 1564227852563 job-95-181 5 0.700001 1.0000149 1178398 200849 200846 3 0 1 5
JobFinished 1564228226334 1564227927755 job-20-182 5 0.080001 1.0000167 1766563 298579 298574 5 0 1 5
JobFinished 1564228248742 1564227743212 job-55-178 5 0.6700010000000001 1.0000079 3008348 505530 505526 4 0 1 5
JobFinished 1564228258815 1564228189708 job-37-187 5 0.890001 1.0013475 386837 69108 69015 93 0 1 5
JobFinished 1564228400020 1564228294222 job-7-191 5 0.840001 1.0008798 603606 105798 105705 93 0 1 5
JobFinished 1564228477931 1564228376488 job-110-193 5 0.37000099999999997 1.000809 580665 101443 101361 82 0 1 5
JobFinished 1564228518482 1564228453296 job-12-194 5 0.880001 1.0044223 361281 65186 64899 287 0 1 5
JobFinished 1564228540250 1564228231897 job-100-190 5 0.6700010000000001 1.0002693 1821849 308352 308269 83 0 1 5
JobFinished 1564228551673 1564228459403 job-107-192 5 0.07000100000000001 3.3983698 603221 250589 73738 36473 293635 3 8
JobFinished 1564228569591 1564228226668 job-90-189 5 0.5600010000000001 1.0000087 2020743 342923 342920 3 0 1 5
JobFinished 1564228597351 1564228221932 job-69-188 5 0.35000099999999995 1.0002131 2221061 375419 375339 80 0 1 5
JobFinished 1564228746583 1564228459291 job-34-186 5 0.07000100000000001 2.4534216 3070723 659097 268644 47407 1662285 4 16
JobFinished 1564228803313 1564228501133 job-92-184 5 0.030001 3.0220299 2129453 794951 263052 261916 698568 6 15
JobFinished 1564228920043 1564228822999 job-0-195 5 0.840001 1.0000412 556048 97044 97040 4 0 1 5
JobFinished 1564228939648 1564228501045 job-27-185 5 0.030001 2.1404917 3078870 854876 399383 228565 720636 6 10
JobFinished 1564228997298 1564228500937 job-98-183 5 0.030001 2.2941468 3592609 1048526 457044 321392 926100 6 15
JobFinished 1564229195718 1564228884703 job-55-196 5 0.460001 1.0000161 1840856 311016 311011 5 0 1 5
JobFinished 1564229825360 1564229760456 job-6-200 5 0.830001 1.000077 364363 64904 64899 5 0 1 5
JobFinished 1564229830789 1564229640335 job-46-197 5 0.010001 1.0002626 1117058 190454 190404 50 0 1 5
JobFinished 1564230039507 1564229737636 job-19-199 5 0.49000099999999996 1.0000166 1786410 301871 301866 5 0 1 5
JobFinished 1564230052535 1564229708511 job-30-198 5 0.950001 1.0000087 2037773 344024 344021 3 0 1 5
JobFinished 1564230107928 1564230045646 job-0-205 5 0.270001 2.7095451 317554 150079 55389 88559 6297 2 6
JobFinished 1564230121682 1564229950651 job-41-204 5 0.860001 1.0005089 997359 171031 170944 87 0 1 5
JobFinished 1564230166057 1564230071361 job-38-207 5 0.080001 1.6291785 318570 94696 58125 36571 5237 1 6
JobFinished 1564230188920 1564229832747 job-18-201 5 0.650001 1.0000112 2111980 356173 356169 4 0 1 5
JobFinished 1564230214852 1564230005484 job-82-206 5 0.41000099999999995 1.1940562 1022284 209367 175341 34026 0 1 5
JobFinished 1564230308540 1564230226604 job-109-210 5 0.340001 1.0000489 466827 81936 81932 4 0 1 5
JobFinished 1564230342778 1564229929201 job-18-203 5 0.760001 1.0000097 2456182 413578 413574 4 0 1 5
JobFinished 1564230367105 1564230304032 job-2-211 5 0.080001 1.0013018 346081 63074 62992 82 0 1 5
JobFinished 1564230451023 1564230329513 job-11-212 5 0.830001 1.0007825 699805 121510 121415 95 0 1 5
JobFinished 1564230454066 1564230362905 job-108-213 5 0.870001 1.0009882 520032 91161 91071 90 0 1 5
JobFinished 1564230507479 1564230118333 job-72-208 5 0.200001 1.0002236 2307880 389146 389059 87 0 1 5
JobFinished 1564230579765 1564230162228 job-61-209 5 0.020001 1.0092651 2461253 417536 413703 3833 0 1 5
JobFinished 1564230745012 1564230692513 job-0-222 5 0.450001 1.0017172 286212 52499 52409 90 0 1 5
JobFinished 1564230750292 1564230650901 job-37-219 5 0.42000099999999996 1.0009063 566960 99391 99301 90 0 1 5
JobFinished 1564230809658 1564230581043 job-34-217 5 0.700001 1.0000131 1346699 228615 228612 3 0 1 5
JobFinished 1564230849976 1564230462527 job-41-214 5 0.340001 1.0000077 2244812 387449 387446 3 0 1 5
JobFinished 1564230972237 1564230752598 job-8-221 5 0.07000100000000001 1.8054978 952554 293527 162574 123385 11488 2 9
JobFinished 1564231005723 1564230676601 job-23-220 5 0.570001 1.000307 1946179 329122 329021 101 0 1 5
JobFinished 1564231133417 1564231021345 job-110-226 5 0.710001 1.0010362 643600 112072 111956 116 0 1 5
JobFinished 1564231142154 1564230925548 job-39-224 5 0.49000099999999996 1.0003694 1271610 216606 216526 80 0 1 5
JobFinished 1564231191550 1564230698422 job-60-215 5 0.14000100000000001 1.5863383 3902132 708354 446534 46597 1259922 2 10
JobFinished 1564231202914 1564231027249 job-3-223 5 0.050001000000000004 5.8854265 831660 408890 69475 222501 447258 5 19
JobFinished 1564231205603 1564230682457 job-22-216 5 0.100001 1.4414694 3543552 663912 460580 62571 810422 2 10
JobFinished 1564231215755 1564231041839 job-11-227 5 0.590001 1.0004544 906413 173916 173837 79 0 1 5
JobFinished 1564231333603 1564231151041 job-50-218 5 0.020001 5.0291095 1079604 714380 142049 465217 254285 9 13
JobFinished 1564231469693 1564231069406 job-73-225 5 0.060001 1.5073185 2450866 506869 336272 73432 520563 2 10
JobFinished 1564231511553 1564231435483 job-36-229 5 0.250001 1.0000395 430226 76070 76067 3 0 1 5
JobFinished 1564231527329 1564231272952 job-79-228 5 0.220001 1.0000197 1501392 254377 254372 5 0 1 5
JobFinished 1564231555145 1564231197121 job-66-202 5 0.010001 4.6592793 4889914 1641124 352227 720130 2811200 17 36
JobFinished 1564231587142 1564231489691 job-109-230 5 0.130001 1.000041 507485 97451 97447 4 0 1 5
JobFinished 1564231826512 1564231670211 job-37-231 5 0.110001 1.0000256 891064 156300 156296 4 0 1 5
JobFinished 1564232139396 1564232063318 job-6-232 5 0.040001 1.0006577 431516 76078 76028 50 0 1 5
JobFinished 1564232285705 1564232231368 job-0-236 5 0.620001 1.0000737 299345 54337 54333 4 0 1 5
JobFinished 1564232407202 1564232319464 job-108-238 5 0.700001 1.0000684 496554 87738 87732 6 0 1 5
JobFinished 1564232467564 1564232395540 job-110-242 5 0.260001 1.0010842 404277 72023 71945 78 0 1 5
JobFinished 1564232604734 1564232507792 job-109-244 5 0.440001 1.00095 549245 96942 96850 92 0 1 5
JobFinished 1564232725042 1564232594827 job-9-247 5 0.180001 1.000707 750534 130214 130122 92 0 1 5
JobFinished 1564232740362 1564232346936 job-34-240 5 0.280001 1.0002059 2332268 393425 393344 81 0 1 5
JobFinished 1564232852940 1564232212207 job-103-234 5 0.530001 1.0000062 3819415 640733 640729 4 0 1 5
JobFinished 1564232998517 1564232692931 job-32-249 5 0.200001 1.0002913 1801078 305586 305497 89 150815 1 6
JobFinished 1564233041971 1564232596668 job-101-248 5 0.460001 1.0002494 2639721 445303 445192 111 0 1 5
JobFinished 1564233088439 1564232782440 job-24-251 5 0.320001 1.0003139 1807701 305999 305903 96 0 1 5
JobFinished 1564233117142 1564232744197 job-92-250 5 0.6600010000000001 1.0002279 2206318 372945 372860 85 0 1 5
JobFinished 1564233222066 1564233087220 job-108-254 5 0.42000099999999996 1.0018872 781389 134846 134592 254 0 1 5
JobFinished 1564233310287 1564233011308 job-71-241 5 0.150001 3.5272295 2951311 946398 268312 407923 1421629 8 26
JobFinished 1564233325490 1564233092893 job-38-239 5 0.130001 4.739783 1478927 987510 208345 651478 452019 11 24
JobFinished 1564233392319 1564233310287 job-36-256 5 0.330001 1.0000975 451306 82032 82024 8 0 1 5
JobFinished 1564233404120 1564233258523 job-10-255 5 0.380001 1.000598 843554 145597 145510 87 0 1 5
JobFinished 1564233407838 1564232855465 job-104-235 5 0.160001 2.8944144 5513166 1184733 409317 235425 3120350 5 20
JobFinished 1564233585312 1564232849455 job-72-252 5 0.320001 1.0001278 4385855 735857 735763 94 0 1 5
JobFinished 1564233595528 1564233434701 job-38-257 5 0.43000099999999997 1.0005972 784854 160827 160731 96 0 1 5
JobFinished 1564233619170 1564233318538 job-40-246 5 0.110001 3.6222355 1835477 1063760 293675 633072 172388 11 8
JobFinished 1564233682286 1564233470881 job-37-237 5 0.030001 14.096002 754868 1366847 96967 1087959 293396 11 14
JobFinished 1564233707363 1564233333647 job-19-233 5 0.080001 5.3667865 3508295 1627419 303239 937407 1717308 14 10
JobFinished 1564233741775 1564233318645 job-100-243 5 0.110001 3.0096378 2408590 1252846 416278 698973 245756 11 12
JobFinished 1564233779736 1564233609582 job-36-258 5 0.010001 1.899034 801561 304907 160559 120103 224613 2 16
JobFinished 1564233921407 1564233470809 job-29-253 5 0.030001 2.7977428 2241746 940299 336092 469049 343652 7 10
JobFinished 1564233940363 1564233683555 job-16-259 5 0.720001 1.0003194 1511549 256807 256725 82 0 1 5
JobFinished 1564233943403 1564233609482 job-52-245 5 0.010001 4.3273354 1586437 1403052 324230 1036422 160874 5 16
JobFinished 1564233999578 1564233725638 job-32-260 5 0.700001 1.0003214 1614485 273940 273852 88 0 1 5
JobFinished 1564234262895 1564234192563 job-38-261 5 0.49000099999999996 1.0007114 374887 70332 70282 50 0 1 5
JobFinished 1564234284245 1564234226920 job-11-262 5 0.040001 1.0000697 319192 57325 57321 4 0 1 5
JobFinished 1564234306321 1564234242985 job-38-263 5 0.100001 1.0000473 355335 63336 63333 3 0 1 5
JobFinished 1564234545771 1564234460059 job-108-265 5 0.14000100000000001 1.0000466 489282 85712 85708 4 0 1 5
JobFinished 1564234676617 1564234611071 job-6-266 5 0.29000099999999995 1.000061 368367 65546 65542 4 0 1 5
JobFinished 1564234852590 1564234787660 job-37-272 5 0.31000099999999997 1.0013726 360893 64931 64842 89 0 1 5
JobFinished 1564234862037 1564234410108 job-30-264 5 0.37000099999999997 1.0000088 2686519 451929 451925 4 0 1 5
JobFinished 1564234886666 1564234666760 job-8-269 5 0.450001 1.0000136 1293868 219906 219903 3 0 1 5
JobFinished 1564234925443 1564234646768 job-34-267 5 0.580001 1.000018 1646886 278676 278671 5 0 1 5
JobFinished 1564235026100 1564234793549 job-95-268 5 0.170001 2.1009533 1775450 364528 173506 59049 760246 2 10
JobFinished 1564235177409 1564235000696 job-77-277 5 0.590001 1.0005889 1031403 176713 176609 104 0 1 5
JobFinished 1564235424909 1564235080728 job-52-279 5 0.5500010000000001 1.0002702 1967455 344181 344088 93 0 1 5
JobFinished 1564235451544 1564235355129 job-13-285 5 0.780001 1.000924 475602 96415 96326 89 0 1 5
JobFinished 1564235454506 1564235396525 job-2-286 5 0.590001 1.0014682 316425 57981 57896 85 0 1 5
JobFinished 1564235504744 1564235213165 job-26-281 5 0.630001 1.0002607 1721551 291579 291503 76 0 1 5
JobFinished 1564235510884 1564235338976 job-41-284 5 0.42000099999999996 1.0005064 1007715 171907 171820 87 0 1 5
JobFinished 1564235663450 1564235524769 job-41-290 5 0.750001 1.0006566 802334 138681 138590 91 0 1 5
JobFinished 1564235711783 1564235446098 job-5-287 5 0.700001 1.0003614 1559751 265685 265589 96 0 1 5
JobFinished 1564235808898 1564235575763 job-21-291 5 0.35000099999999995 1.0003734 1370434 233135 233048 87 0 1 5
JobFinished 1564235895194 1564235783308 job-5-288 5 0.320001 5.1772103 978451 446757 86293 246484 495535 6 17
JobFinished 1564236009687 1564235755492 job-13-294 5 0.610001 1.0003227 1386870 254195 254113 82 0 1 5
JobFinished 1564236018280 1564235581586 job-83-270 5 0.330001 3.766165 6793885 1336337 354827 167150 4695229 6 20
JobFinished 1564236020892 1564235482733 job-61-289 5 0.5400010000000001 1.000158 3200806 538158 538073 85 0 1 5
JobFinished 1564236086294 1564236018281 job-2-299 5 0.5500010000000001 1.0001323 373682 68014 68005 9 0 1 5
JobFinished 1564236168230 1564236015253 job-8-280 5 0.190001 6.884625 1950758 1032322 149946 647887 1087756 11 12
JobFinished 1564236171616 1564235816093 job-71-278 5 0.30000099999999996 4.0454493 3382131 1118235 276418 505848 1756586 9 13
JobFinished 1564236181478 1564235901982 job-36-292 5 0.210001 3.3351378 1028606 572930 171786 375679 24787 5 5
JobFinished 1564236198843 1564235402986 job-63-283 5 0.340001 1.151683 5132905 891322 773930 22031 547199 2 11
JobFinished 1564236370961 1564236092045 job-46-293 5 0.150001 3.3305118 1216756 675188 202728 441155 33195 6 9
JobFinished 1564236425407 1564236091957 job-46-274 5 0.150001 6.0777774 2873217 1563022 257170 1007136 1361732 11 11
JobFinished 1564236702068 1564236025809 job-67-276 5 0.170001 2.9370706 5393331 1808560 615770 840531 1726384 13 19
JobFinished 1564236712357 1564236249410 job-24-271 5 0.14000100000000001 5.8283205 3023700 1989742 341392 1393432 1002651 13 29
JobFinished 1564236726825 1564236547400 job-16-302 5 0.190001 1.0006413 983819 179425 179310 115 0 1 5
JobFinished 1564236851095 1564236708357 job-11-297 5 0.060001 6.487306 776819 899984 138730 693608 71280 8 14
JobFinished 1564236906987 1564236190637 job-30-300 5 0.5500010000000001 1.0001312 4004947 716351 716257 94 0 1 5
JobFinished 1564236940840 1564236209409 job-27-301 5 0.570001 1.0001695 4214426 731430 731306 124 0 1 5
JobFinished 1564237068069 1564236707865 job-75-275 5 0.050001000000000004 6.172279 2106105 2195461 355697 1743456 99967 13 16
JobFinished 1564237217019 1564237023764 job-2-303 5 0.040001 1.0004607 1023183 193255 193166 89 0 1 5
JobFinished 1564237225210 1564236871033 job-50-296 5 0.010001 4.2495956 1488624 1352302 318219 978933 223303 8 8
JobFinished 1564237238683 1564236566121 job-87-298 5 0.090001 2.2931783 4154194 1230547 536612 468620 965187 7 13
JobFinished 1564237241715 1564236738244 job-26-273 5 0.020001 6.098974 2451242 2382357 390616 1864991 207650 14 17
JobFinished 1564237389537 1564236871449 job-58-295 5 0.010001 3.2928667 2085163 1588930 482537 1037693 293915 9 8
JobFinished 1564237515398 1564236871248 job-19-282 5 0.010001 3.6863692 2890359 2242798 608403 1570301 365662 10 8
JobFinished 1564237914087 1564237744779 job-47-306 5 0.6600010000000001 1.0000178 990835 169308 169305 3 0 1 5
JobFinished 1564238062698 1564237883236 job-92-310 5 0.860001 1.0004961 1047418 179462 179373 89 0 1 5
JobFinished 1564238122984 1564237811240 job-8-309 5 0.590001 1.0000129 1839705 311744 311740 4 0 1 5
JobFinished 1564238268759 1564237903349 job-82-312 5 0.42000099999999996 1.0002847 2040677 365410 365306 104 0 1 5
JobFinished 1564238269797 1564237952363 job-95-313 5 0.820001 1.0002458 1746766 317434 317356 78 0 1 5
JobFinished 1564238321244 1564237958401 job-95-314 5 0.450001 1.0002398 2035847 362843 362756 87 0 1 5
JobFinished 1564238433547 1564238350321 job-3-319 5 0.640001 1.0010946 470885 83226 83135 91 0 1 5
JobFinished 1564238472783 1564238396971 job-12-320 5 0.630001 1.0011753 391680 75812 75723 89 0 1 5
JobFinished 1564238559056 1564238084830 job-96-316 5 0.250001 1.2775533 2112910 557095 436064 98908 582027 2 8
JobFinished 1564238649366 1564238084681 job-46-311 5 0.250001 1.4528285 3182044 764737 526378 117074 1253724 3 17
JobFinished 1564238693213 1564237987189 job-68-308 5 0.340001 1.4057115 4724245 886318 630512 75516 1050255 2 10
JobFinished 1564238779486 1564238504737 job-80-307 5 0.180001 4.6839576 2212166 1032466 220426 551221 989221 9 17
JobFinished 1564238893817 1564238753706 job-3-322 5 0.130001 4.2222824 753741 482704 114323 212062 287740 4 10
JobFinished 1564238898940 1564238687789 job-49-324 5 0.150001 1.0004454 1238916 211151 211057 94 0 1 5
JobFinished 1564238986663 1564238295841 job-83-318 5 0.380001 1.0001621 4117293 690822 690710 112 0 1 5
JobFinished 1564239011507 1564238436737 job-79-305 5 0.210001 2.5158467 4619947 1355337 538720 478692 1546491 8 18
JobFinished 1564239133123 1564238991265 job-11-323 5 0.07000100000000001 4.0323243 936964 490379 121612 299592 235261 5 9
JobFinished 1564239139563 1564238753585 job-79-304 5 0.130001 4.4967523 3896658 1619159 360073 738112 2308633 10 17
JobFinished 1564239309822 1564238806111 job-96-317 5 0.080001 2.7261984 2385183 1120135 410878 610536 198502 7 10
JobFinished 1564239311099 1564238985584 job-10-326 5 0.460001 1.0002888 1925617 325514 325420 94 0 1 5
JobFinished 1564239328310 1564238747428 job-18-325 5 0.170001 1.0004392 3454639 580882 580627 255 0 1 5
JobFinished 1564239465585 1564239254100 job-79-328 5 0.090001 1.0004399 1240516 211485 211392 93 0 1 5
JobFinished 1564239481726 1564239206561 job-74-321 5 1.0E-6 6.3020835 1334009 1083284 171893 806871 329539 8 10
JobFinished 1564239615014 1564239259913 job-18-315 5 0.010001 5.3365555 2567548 1628658 305189 1095707 762989 12 16
JobFinished 1564239615425 1564239393891 job-107-329 5 0.07000100000000001 1.000018 1173727 221534 221530 4 0 1 5
JobFinished 1564239832717 1564239499328 job-25-330 5 0.120001 1.000015 1897706 333390 333385 5 0 1 5
JobFinished 1564239913382 1564239182741 job-68-327 5 0.5400010000000001 1.0001218 4266474 730641 730552 89 0 1 5
JobFinished 1564240051285 1564240001704 job-1-332 5 0.6600010000000001 1.0001009 272251 49581 49576 5 0 1 5
JobFinished 1564240192423 1564240081824 job-39-336 5 0.340001 1.0000452 638558 110599 110594 5 0 1 5
JobFinished 1564240193519 1564240021899 job-91-335 5 0.36000099999999996 1.0000234 1004036 171620 171616 4 0 1 5
JobFinished 1564240253182 1564239991831 job-74-331 5 0.8000010000000001 1.0001913 1542533 261351 261301 50 0 1 5
JobFinished 1564240273131 1564240004980 job-53-333 5 0.48000099999999996 1.0000112 1579831 268147 268144 3 0 1 5
JobFinished 1564240383220 1564240232795 job-48-337 5 0.270001 1.0000266 877127 150425 150421 4 0 1 5
JobFinished 1564240425727 1564240014048 job-59-334 5 0.040001 1.0000073 2445303 411679 411676 3 0 1 5
JobFinished 1564240572634 1564240243344 job-70-338 5 0.570001 1.0000151 1950440 329290 329285 5 0 1 5
JobFinished 1564240655378 1564240375672 job-52-341 5 0.320001 1.0000179 1543538 279706 279701 5 0 1 5
JobFinished 1564240660402 1564240305731 job-41-339 5 0.740001 1.0000085 2103102 354671 354668 3 0 1 5
JobFinished 1564240691583 1564240532177 job-94-342 5 0.240001 1.0000252 931495 159406 159402 4 0 1 5
JobFinished 1564240791572 1564240615800 job-51-346 5 0.5600010000000001 1.0004895 1027151 175772 175686 86 0 1 5
JobFinished 1564240960417 1564240838181 job-5-349 5 0.37000099999999997 1.0007532 705579 122236 122144 92 0 1 5
JobFinished 1564241137050 1564240910786 job-110-352 5 0.710001 1.0003847 1240356 226264 226177 87 0 1 5
JobFinished 1564241227507 1564240824894 job-103-348 5 0.860001 1.0006263 2385677 402613 402361 252 0 1 5
JobFinished 1564241254644 1564240893500 job-80-350 5 0.520001 1.0002216 2138815 361144 361064 80 0 1 5
JobFinished 1564241373228 1564241155026 job-37-356 5 0.640001 1.0003805 1214714 218202 218119 83 0 1 5
JobFinished 1564241425878 1564241174069 job-77-353 5 0.42000099999999996 2.335812 1838818 463334 198361 129419 705182 3 15
JobFinished 1564241531034 1564241409097 job-109-351 5 0.14000100000000001 5.908971 666744 621346 105153 452312 64010 6 8
JobFinished 1564241736496 1564241431622 job-42-345 5 0.080001 5.719418 2041676 1175083 205455 651364 1239998 9 13
JobFinished 1564241766659 1564241202193 job-88-357 5 0.630001 1.0001471 3289060 564465 564382 83 0 1 5
JobFinished 1564241788356 1564241431753 job-4-354 5 0.080001 3.0735102 447998 790848 257311 479956 52916 5 5
JobFinished 1564241827786 1564241221910 job-100-343 5 0.500001 2.1530166 7505960 1292402 600275 5606 4068421 2 10
JobFinished 1564241830713 1564241041475 job-101-355 5 0.5400010000000001 1.0001141 4638379 789238 789148 90 0 1 5
JobFinished 1564242023768 1564241260573 job-58-344 5 0.160001 2.2627382 5539023 1471995 650537 463939 1814124 7 19
JobFinished 1564242052383 1564241431537 job-24-347 5 0.080001 2.3648832 2384546 1232920 521345 563301 344831 8 11
JobFinished 1564242120837 1564241820997 job-42-358 5 0.060001 2.0851707 1696836 611053 293047 278483 46541 3 10
JobFinished 1564242199070 1564241819245 job-34-340 5 0.010001 4.924059 3912294 1828175 371274 1031730 1801908 10 19
JobFinished 1564242273282 1564241789491 job-84-359 5 0.160001 1.0000062 2745997 483791 483788 3 0 1 5
JobFinished 1564242660308 1564242577267 job-109-360 5 0.040001 1.0005784 472919 83041 82993 48 0 1 5
JobFinished 1564242692901 1564242631540 job-36-363 5 0.700001 1.0000652 343297 61361 61357 4 0 1 5
JobFinished 1564242766667 1564242610613 job-8-362 5 0.040001 1.0000192 911584 156054 156051 3 0 1 5
JobFinished 1564242810285 1564242750451 job-6-365 5 0.090001 1.0000836 334414 59834 59829 5 0 1 5
JobFinished 1564242900304 1564242661528 job-95-364 5 0.860001 1.0000168 1406829 238776 238772 4 0 1 5
JobFinished 1564243005611 1564242597424 job-58-361 5 0.330001 1.0000098 2424151 408187 408183 4 0 1 5
JobFinished 1564243141933 1564243087192 job-13-369 5 0.010001 1.0000913 305972 54741 54736 5 0 1 5
JobFinished 1564243227857 1564242949524 job-94-366 5 0.48000099999999996 1.0000107 1645023 278333 278330 3 0 1 5
JobFinished 1564243262385 1564243101848 job-15-370 5 0.400001 1.0000249 938347 160537 160533 4 0 1 5
JobFinished 1564243277468 1564243073071 job-95-368 5 0.100001 1.0000147 1145272 204397 204394 3 0 1 5
JobFinished 1564243321947 1564243268116 job-106-372 5 0.210001 1.0001115 297177 53832 53826 6 0 1 5
JobFinished 1564243384994 1564243234491 job-36-371 5 0.150001 1.0000333 877904 150503 150498 5 0 1 5
JobFinished 1564243489092 1564243333835 job-9-376 5 0.870001 1.0005542 904439 155257 155171 86 0 1 5
JobFinished 1564243527897 1564243293556 job-19-374 5 0.860001 1.000017 1380220 234341 234337 4 0 1 5
JobFinished 1564243640685 1564243568323 job-1-379 5 0.320001 1.0013007 403830 72362 72268 94 0 1 5
JobFinished 1564243658929 1564243001519 job-90-367 5 0.270001 1.0000061 3919594 657410 657406 4 0 1 5
JobFinished 1564243812886 1564243597369 job-6-381 5 0.36000099999999996 1.0004781 1188823 215518 215415 103 0 1 5
JobFinished 1564243900894 1564243286756 job-99-373 5 0.5400010000000001 1.0000081 3587471 614138 614133 5 0 1 5
JobFinished 1564244018192 1564243644004 job-15-382 5 0.620001 1.0000107 2216059 374188 374184 4 0 1 5
JobFinished 1564244051767 1564243821062 job-0-386 5 0.340001 2.1345804 810961 322042 150869 156782 14784 3 7
JobFinished 1564244146263 1564243920696 job-3-383 5 0.250001 3.6444535 675449 466716 128062 279298 108464 4 13
JobFinished 1564244203896 1564243746940 job-72-387 5 0.720001 1.000197 2713228 456956 456866 90 0 1 5
JobFinished 1564244231216 1564243922882 job-108-384 5 0.280001 2.566071 1257831 546627 213021 252447 181292 4 13
JobFinished 1564244255853 1564244154277 job-12-380 5 0.050001000000000004 12.859074 442111 667836 51935 520651 180766 7 10
JobFinished 1564244414506 1564243696425 job-86-385 5 0.510001 1.000124 4111478 718081 717992 89 0 1 5
JobFinished 1564244438929 1564243752809 job-30-378 5 0.35000099999999995 1.5004592 5203995 939346 626039 60084 1487613 2 10
JobFinished 1564244491162 1564244278845 job-1-375 5 0.020001 15.574049 1234661 1193782 76652 881998 799899 14 33
JobFinished 1564244515532 1564244238702 job-80-388 5 0.040001 2.8258555 1482236 733804 259675 435484 37974 7 7
JobFinished 1564244681778 1564244177373 job-35-389 5 0.270001 1.0001745 2906905 504405 504317 88 0 1 5
JobFinished 1564244684627 1564244201441 job-22-377 5 0.240001 2.6212723 4209090 1260119 480728 416719 1497723 8 24
JobFinished 1564245376404 1564245317588 job-4-391 5 0.250001 1.0001531 327407 58816 58807 9 0 1 5
JobFinished 1564245482967 1564245427412 job-107-395 5 0.180001 1.000162 307891 55555 55546 9 0 1 5
JobFinished 1564245489263 1564245310084 job-82-390 5 0.31000099999999997 1.000268 1049705 179179 179131 48 0 1 5
JobFinished 1564245492198 1564245411479 job-7-394 5 0.500001 1.0000496 459348 80719 80715 4 0 1 5
JobFinished 1564245504692 1564245330361 job-74-393 5 0.100001 1.0000172 1021183 174331 174328 3 0 1 5
JobFinished 1564245679108 1564245320460 job-58-392 5 0.220001 1.0000112 2123891 358648 358644 4 0 1 5
JobFinished 1564245723270 1564245666500 job-11-396 5 0.5500010000000001 1.0000528 315378 56770 56767 3 0 1 5
JobFinished 1564245759378 1564245695325 job-7-397 5 0.31000099999999997 1.0000937 359167 64054 64048 6 0 1 5
JobFinished 1564245778841 1564245713367 job-5-398 5 0.860001 1.0001374 368016 65474 65465 9 0 1 5
JobFinished 1564245812098 1564245756005 job-107-399 5 0.010001 1.0000713 311829 56093 56089 4 0 1 5
JobFinished 1564245956855 1564245869499 job-109-404 5 0.090001 1.0000572 499040 87357 87352 5 0 1 5
JobFinished 1564245977822 1564245820216 job-15-402 5 0.37000099999999997 1.0000254 920469 157606 157602 4 0 1 5
JobFinished 1564246018469 1564245800355 job-44-401 5 0.100001 1.0000184 1283701 218114 218110 4 0 1 5
JobFinished 1564246151126 1564245829633 job-32-403 5 0.060001 1.0000124 1904106 321493 321489 4 0 1 5
JobFinished 1564246168550 1564245766697 job-103-400 5 0.31000099999999997 1.0000124 2386301 401854 401849 5 0 1 5
JobFinished 1564246173750 1564246090844 job-110-405 5 0.120001 1.0000483 472561 82906 82902 4 0 1 5
JobFinished 1564246243191 1564246170735 job-37-406 5 0.820001 1.0000552 407837 72456 72452 4 0 1 5
JobFinished 1564246539109 1564246306328 job-42-408 5 0.100001 1.0000129 1365769 232780 232777 3 0 1 5
JobFinished 1564246579291 1564246511223 job-0-411 5 0.220001 1.0000734 383172 68068 68063 5 0 1 5
JobFinished 1564246708651 1564246353603 job-20-409 5 0.750001 1.0000085 2103998 355048 355045 3 0 1 5
JobFinished 1564246726513 1564246301822 job-85-407 5 0.29000099999999995 1.0000094 2523270 424691 424687 4 0 1 5
JobFinished 1564246747723 1564246401834 job-62-410 5 0.030001 1.0000116 2050211 345889 345885 4 0 1 5
JobFinished 1564246942913 1564246883567 job-13-412 5 0.230001 1.0008433 330757 59346 59296 50 0 1 5
JobFinished 1564247315565 1564247136623 job-53-414 5 0.250001 1.0000224 1048393 178942 178938 4 0 1 5
JobFinished 1564247378152 1564247199135 job-48-415 5 0.160001 1.0000223 1049128 179017 179013 4 0 1 5
JobFinished 1564247597731 1564247024250 job-72-413 5 0.260001 1.000007 3401520 573481 573477 4 0 1 5
JobFinished 1564247631708 1564247461267 job-16-416 5 0.950001 1.0000235 995501 170441 170437 4 0 1 5
JobFinished 1564247692627 1564247535603 job-16-417 5 0.320001 1.0000191 917423 157024 157021 3 0 1 5
JobFinished 1564247790207 1564247731908 job-12-419 5 0.320001 1.0000687 324854 58299 58295 4 0 1 5
JobFinished 1564247812940 1564247762008 job-0-421 5 0.270001 1.0000982 279277 50931 50926 5 0 1 5
JobFinished 1564247864557 1564247782373 job-109-422 5 0.390001 1.0000365 467817 82184 82181 3 0 1 5
JobFinished 1564248014667 1564247924006 job-106-426 5 0.780001 1.0026542 514320 90661 90421 240 0 1 5
JobFinished 1564248072978 1564247961320 job-0-429 5 0.5400010000000001 1.9149687 312742 111658 58308 53350 0 1 5
JobFinished 1564248278443 1564247861282 job-84-424 5 0.710001 1.000012 2476514 417161 417156 5 0 1 5
JobFinished 1564248320051 1564247721463 job-30-418 5 0.610001 1.0000067 3566307 598588 598584 4 0 1 5
JobFinished 1564248376700 1564247929851 job-101-427 5 0.570001 1.00045 2652236 446849 446648 201 0 1 5
JobFinished 1564248389204 1564247794635 job-66-423 5 0.700001 1.000005 3542442 594568 594565 3 0 1 5
JobFinished 1564248444068 1564248316789 job-1-433 5 0.650001 1.0006604 735906 127280 127196 84 0 1 5
JobFinished 1564248450656 1564248322533 job-7-431 5 0.200001 5.398637 428933 399240 73952 306723 22264 4 9
JobFinished 1564248541238 1564248081625 job-35-420 5 0.230001 3.0241256 2621844 794713 262791 332216 1116582 4 13
JobFinished 1564248685839 1564248419485 job-108-434 5 0.120001 1.3930833 1277084 336796 241763 57589 37116 3 5
JobFinished 1564248784459 1564248576216 job-82-436 5 0.35000099999999995 1.0004709 1222811 208243 208145 98 0 1 5
JobFinished 1564248786032 1564248441141 job-95-435 5 0.14000100000000001 1.0085683 1853188 344891 341961 2930 0 1 5
JobFinished 1564248814218 1564248384297 job-82-430 5 0.180001 1.9645609 2433127 834960 425011 377964 33311 6 11
JobFinished 1564248892067 1564248581666 job-37-432 5 0.100001 3.9615324 1256581 816967 206225 475809 283185 8 15
JobFinished 1564248903754 1564248022290 job-68-425 5 0.250001 1.2188253 5184244 1012566 830772 129605 241591 3 10
JobFinished 1564248925984 1564248772857 job-2-441 5 0.860001 1.000588 721664 153127 153037 90 0 1 5
JobFinished 1564248986969 1564248876488 job-106-442 5 0.080001 1.000779 541243 110481 110395 86 0 1 5
JobFinished 1564249075919 1564248727373 job-80-439 5 0.07000100000000001 1.225868 1706193 357278 291449 57191 162060 2 13
JobFinished 1564249130273 1564248727506 job-27-437 5 0.07000100000000001 1.4961756 2030906 517388 345807 129936 61537 2 6
JobFinished 1564249250023 1564249083998 job-0-440 5 0.020001 4.070649 701796 487448 119747 310025 89043 7 12
JobFinished 1564249336336 1564248973896 job-49-444 5 0.940001 1.0002594 2053979 362440 362346 94 0 1 5
JobFinished 1564249426565 1564249065207 job-75-446 5 0.41000099999999995 1.0002408 2075240 361358 361271 87 0 1 5
JobFinished 1564249441413 1564248900992 job-32-438 5 0.060001 1.3647004 3245605 733738 537655 139653 299701 5 10
JobFinished 1564249466649 1564249151611 job-0-428 5 0.010001 7.054985 1201433 1528265 216622 1092885 333952 17 25
JobFinished 1564249484756 1564249151734 job-43-445 5 0.010001 1.9195274 1321475 450563 234726 186430 29078 3 5
JobFinished 1564249539179 1564248933694 job-104-443 5 0.240001 1.0001636 3604324 605485 605386 99 0 1 5
JobFinished 1564249907155 1564249840207 job-7-447 5 0.330001 1.0007474 376359 66948 66898 50 0 1 5
JobFinished 1564249923220 1564249856468 job-39-448 5 0.050001000000000004 1.0000749 375191 66752 66747 5 0 1 5
JobFinished 1564249998350 1564249941671 job-12-449 5 0.840001 1.0000706 315188 56679 56675 4 0 1 5
JobFinished 1564250270638 1564250204512 job-6-450 5 0.49000099999999996 1.0000604 371964 66127 66123 4 0 1 5
JobFinished 1564250292202 1564250210968 job-110-451 5 0.020001 1.0000615 462326 81233 81228 5 0 1 5
JobFinished 1564250304512 1564250240192 job-5-452 5 1.0E-6 1.0000777 361032 64321 64316 5 0 1 5
JobFinished 1564250387677 1564250331407 job-106-456 5 0.440001 1.0000888 312783 56271 56266 5 0 1 5
JobFinished 1564250411723 1564250293851 job-39-455 5 0.760001 1.000034 682461 117872 117868 4 0 1 5
JobFinished 1564250487501 1564250432451 job-1-457 5 0.030001 1.0000727 305358 55050 55046 4 0 1 5
JobFinished 1564250523336 1564250465359 job-1-458 5 0.160001 1.000069 322859 57977 57973 4 0 1 5
JobFinished 1564250613343 1564250249956 job-88-453 5 0.030001 1.000011 2155570 363387 363383 4 0 1 5
JobFinished 1564250645320 1564250259281 job-63-454 5 0.48000099999999996 1.0000077 2291264 386039 386036 3 0 1 5
JobFinished 1564250654169 1564250511551 job-6-460 5 0.090001 1.000028 721768 142618 142614 4 0 1 5
JobFinished 1564250671110 1564250482932 job-5-459 5 0.400001 1.0000212 1104141 188178 188174 4 0 1 5
JobFinished 1564250862158 1564250808675 job-2-463 5 0.060001 1.0000747 296162 53483 53479 4 0 1 5
JobFinished 1564250983118 1564250918403 job-37-465 5 0.41000099999999995 1.0000772 363401 64715 64710 5 0 1 5
JobFinished 1564251012121 1564250950343 job-38-466 5 0.080001 1.0000647 345497 61778 61774 4 0 1 5
JobFinished 1564251021851 1564250671883 job-43-461 5 0.160001 1.0000114 2046135 349968 349964 4 0 1 5
JobFinished 1564251057433 1564250875803 job-73-464 5 0.090001 1.000022 1065106 181630 181626 4 0 1 5
JobFinished 1564251067016 1564250964361 job-39-468 5 0.240001 1.0009556 509163 102655 102557 98 0 1 5
JobFinished 1564251238093 1564251159333 job-38-475 5 0.47000099999999995 1.0011313 445747 78760 78671 89 0 1 5
JobFinished 1564251350850 1564251271904 job-12-479 5 0.14000100000000001 1.0010525 365085 78946 78863 83 0 1 5
JobFinished 1564251353055 1564251289373 job-13-480 5 0.48000099999999996 1.001431 353379 63682 63591 91 0 1 5
JobFinished 1564251452811 1564251209037 job-92-477 5 0.250001 1.0003406 1292556 243774 243691 83 0 1 5
JobFinished 1564251483543 1564251106277 job-71-473 5 0.760001 1.0002147 2230021 377266 377185 81 0 1 5
JobFinished 1564251561778 1564251367538 job-2-476 5 0.090001 3.4414341 1138801 374989 108963 140979 594880 3 15
JobFinished 1564251572684 1564251302977 job-44-481 5 0.710001 1.0003301 1591587 269707 269618 89 0 1 5
JobFinished 1564251654759 1564251308462 job-33-478 5 0.130001 1.2967101 1968468 394078 303906 42502 202502 2 10
JobFinished 1564251933448 1564251360537 job-19-482 5 0.390001 1.0002881 3403180 572911 572746 165 0 1 5
JobFinished 1564251949749 1564251474954 job-84-471 5 0.07000100000000001 1.8684415 4110141 871073 466203 156169 1340173 4 18
JobFinished 1564251999151 1564251489213 job-90-470 5 0.060001 2.2280476 3735599 974470 437365 262464 1414020 5 18
JobFinished 1564252053887 1564251489122 job-60-462 5 0.060001 2.6465652 5713544 1302388 492105 262779 3101222 5 22
JobFinished 1564252071600 1564251659518 job-36-472 5 0.040001 7.013247 1139703 968845 138145 713849 353068 9 10
JobFinished 1564252350996 1564251659621 job-88-474 5 0.040001 2.9255457 2509971 1221547 417545 715779 86918 9 5
JobFinished 1564252454769 1564252176584 job-46-486 5 0.050001000000000004 1.0003237 1640899 278185 278095 90 0 1 5
JobFinished 1564252466973 1564252027040 job-34-485 5 0.080001 1.0002388 2612407 439933 439828 105 0 1 5
JobFinished 1564252468514 1564251630453 job-84-483 5 0.49000099999999996 1.0001086 4995602 838062 837971 91 0 1 5
JobFinished 1564252565173 1564252365997 job-12-484 5 0.010001 4.9072857 1145021 541676 110382 287822 618747 3 10
JobFinished 1564252762463 1564252336057 job-91-488 5 0.390001 1.0002065 2364133 426407 426319 88 0 1 5
JobFinished 1564252807189 1564252333380 job-88-487 5 0.250001 1.0001731 2680215 473808 473726 82 0 1 5
JobFinished 1564252824442 1564252375083 job-35-467 5 0.020001 5.054419 4590648 1868462 369669 998865 2490371 10 22
JobFinished 1564252922674 1564252365907 job-63-469 5 1.0E-6 4.089427 3286917 1913361 467880 1276118 519251 11 30
JobFinished 1564253141708 1564253087963 job-13-491 5 0.07000100000000001 1.0000744 297699 53745 53741 4 0 1 5
JobFinished 1564253160829 1564253092184 job-38-492 5 0.750001 1.0000728 382531 68645 68640 5 0 1 5
JobFinished 1564253238756 1564253073152 job-9-490 5 0.47000099999999995 1.0000242 967117 165604 165600 4 0 1 5
JobFinished 1564253302777 1564253104448 job-44-493 5 0.010001 1.0000252 1164713 198329 198324 5 0 1 5
JobFinished 1564253318436 1564253262453 job-2-496 5 0.35000099999999995 1.0000714 310941 55983 55979 4 0 1 5
JobFinished 1564253410274 1564253173187 job-9-494 5 0.110001 1.0000126 1397736 237087 237084 3 0 1 5
JobFinished 1564253413904 1564253329436 job-109-497 5 0.060001 1.000071 481847 84469 84463 6 0 1 5
JobFinished 1564253414677 1564253247347 job-2-495 5 0.30000099999999996 1.0000179 976749 167330 167327 3 0 1 5
JobFinished 1564253504997 1564253334568 job-74-498 5 0.890001 1.0000293 997610 170430 170425 5 0 1 5
JobFinished 1564253593217 1564253046591 job-62-489 5 0.6700010000000001 1.0000914 3254355 546626 546576 50 0 1 5
JobFinished 1564253710458 1564253351732 job-16-499 5 0.040001 1.1950363 1774377 358726 300180 58546 0 1 5
